0.0 0.71951328
0.05 0.89623584
0.1 1.11713904
0.16 1.3885344000000002
0.21 1.72304496
0.27 2.12698224
0.33 2.6224365599999997
0.4 3.2188752
0.47 3.9447
0.54 4.796755200000001
0.62 5.838156
0.69 7.0373448000000005
0.78 8.4258792
0.87 10.0353168
0.96 11.8656576
1.05 13.885344
1.15 16.094376
1.26 18.461196
1.37 20.828016
1.49 23.1001632
1.61 25.2145224
1.74 27.1079784
1.87 28.685858399999997
2.01 29.7903744
2.16 30.389968800000002
2.32 30.453084
2.48 29.97972
2.65 29.0014344
2.83 27.6129
3.02 25.9403472
3.21 24.141564
3.42 22.248108000000002
3.64 20.4177672
3.87 18.7452144
4.11 17.2304496
4.36 15.9050304
4.62 14.8005144
4.89 13.9169016
5.18 13.0017312
5.49 11.360736
5.81 9.2463768
6.14 7.258247999999999
6.49 5.5225800000000005
6.86 4.0709304
7.25 2.9285452800000003
7.65 2.0670228
8.07 1.43902656
8.52 0.9845971200000001
8.99 0.66902112
9.48 0.45127368
9.99 0.302637384
10.5 0.20196864
11.1 0.134750952
11.7 0.092148192
12.3 0.054594647999999996
13.0 0.032188752
13.7 0.0186820992
14.4 0.010761141600000001
15.1 0.0061221744
