0.0 0.0001 0.0004 0.004 0.008 0.02 0.05
5.0 58.79918948914858 60.17897796562547 69.16013316080186 74.08487595116237 85.0638557369628 105.95358680151784
5.48 178.7986493438637 183.05021073395184 210.83723234091244 226.22516554894577 261.01198778385515 323.1008764524345
5.7 299.61020276713344 306.87584535357337 354.5081361347283 381.6011631619912 440.55967379379666 547.1248671952479
5.85 427.6966501462203 438.30724659404007 507.8867420430933 548.8415810880142 631.0684734473489 790.1451389989666
6.0 613.6641819407544 629.3736178648421 732.0371144108494 796.4134000473653 910.366129105635 1151.5007125812347
6.1 784.2359001147054 804.7709735565043 940.1677931197119 1029.1335512651572 1173.3798971670283 1497.2274045728354
6.18 956.9207989649786 982.5799411151023 1154.9896335515134 1267.4706335072706 1451.155556913199 1856.386024049939
6.24 1112.7329100947811 1143.4585086003813 1353.6748037344328 1482.8082183087508 1713.3382243969618 2184.424346292105
6.3 1297.5662282424507 1336.5357508825857 1592.7413670518667 1741.4442404802996 2033.155319681052 2571.5650636315554
6.35 1478.578343576879 1528.2968922780697 1831.0210685302577 2000.4911967778382 2353.4169012605857 2939.2098980619653
6.4 1695.0094094822357 1765.064565302907 2118.4757195425364 2316.4834278590884 2729.5972010846526 3332.4536007323436
6.44 1910.9502858028943 2002.680428483009 2395.810914511056 2620.1289304098627 3072.0546992781146 3629.5096001532074
6.48 2176.9364525534443 2284.3869696675724 2723.5455458681113 2968.8936691390954 3452.0489734408557 3895.8125136374406
6.51 2401.5434121146523 2526.571269887511 3002.678646918496 3262.788671109392 3750.7667504371575 4083.242652842202
6.54 2630.007502699687 2794.5777617012527 3300.7909870319772 3565.8751173796327 4027.867520513554 4253.358228450141
6.57 2854.9305849204384 3077.318712176377 3595.7833508477456 3855.3395651634023 4270.525884280448 4408.974660821665
6.6 3070.947662442683 3354.2701532658957 3868.485980656161 4127.767422089504 4491.849937589067 4561.407510728627
6.63 3280.533188152109 3617.172540309421 4128.1746917453875 4394.47899405634 4698.879210755251 4716.334849134988
6.65 3421.676325962808 3791.835662032901 4304.0340309146095 4573.8648913088855 4831.313984815938 4822.656726164134
6.68 3636.1633621384235 4058.283159372855 4574.174266816338 4833.82195939562 5024.996400196405 4985.693967674853
6.7 3783.2031859600424 4236.313257420107 4755.069492371023 4998.995922887846 5153.097464861825 5094.3431157193845
6.72 3937.1960099370363 4412.2320019006565 4930.561157281166 5158.400570827085 5282.904967827767 5197.857164217293
6.74 4094.3337590233377 4583.141430570781 5097.690005062722 5312.102919990579 5412.6454899716255 5289.55656723898
6.76 4251.761535237931 4751.141671552611 5257.833636707246 5458.781081764294 5536.953393557728 5367.99549055781
6.78 4412.34832805878 4920.5776097935395 5413.608500682542 5599.493515108623 5652.834380122217 5439.257968073578
6.81 4652.273550460931 5170.23198582873 5634.551538316413 5802.346233874595 5815.673802971767 5536.4278705210045
6.85 4960.361151885076 5490.565435602162 5915.605679184383 6062.041308474601 6019.047755499218 5653.781225555206
6.86 5035.978492966683 5569.959931153447 5986.067632350263 6125.983147105974 6067.909700968912 5682.473381118686
6.88 5190.325697790423 5731.636618344107 6126.325905627464 6252.11912059209 6163.148497354885 5738.264167332982
6.89 5268.475524174639 5813.945507777472 6195.270901927669 6313.606713325473 6208.913725732828 5764.964800786236
6.9 5347.143625409985 5897.491992211321 6264.116907847018 6374.617465638759 6253.981002423596 5791.336562269682
6.92 5505.632244436331 6065.321037499772 6400.980555630376 6494.415952291145 6341.2436528094 5843.312114403115
6.93 5585.007360738209 6148.884979760781 6468.063428591055 6552.366570939205 6382.736002930908 5868.618941286526
6.94 5664.539131118399 6232.286282619428 6534.229878720407 6609.119514543267 6423.046589643612 5893.467458051462
6.95 5744.1497653708275 6315.294025072761 6599.494838053269 6664.602194515916 6462.606738899875 5917.861285083254
6.97 5903.515506993964 6479.80462070741 6726.580343790326 6771.845902356621 6539.367083919232 5965.287530352407
6.98 5983.205209865214 6561.121096255656 6788.169444522159 6823.531849115139 6576.636912845703 5988.400695886596
6.99 6062.76971910721 6641.027473522524 6847.718085782066 6874.073142477219 6613.314716751159 6011.112171564596
7.0 6141.687904210591 6719.80746181026 6905.796486636165 6924.059231079765 6649.357454508829 6033.429667065259
7.04 6444.133302854664 7023.929141206148 7133.880296874988 7120.074220806935 6787.575797501412 6118.886992927981
7.08 6733.568352364179 7314.048423447321 7352.996056333915 7307.120668200804 6913.9004166285795 6197.537188827528
7.11 6948.130871017529 7526.852052792707 7510.478351050595 7438.575275235267 7001.029518788681 6251.432483440406
7.15 7223.58081503002 7798.972391711914 7709.9555565199935 7600.945853960309 7111.182890825169 6317.888863608949
7.18 7418.284190965665 7990.454244769183 7850.884727182432 7714.875078806183 7190.0048380517055 6364.838583189678
7.2 7543.458744903576 8111.892998200932 7940.992783091495 7787.266243785461 7240.08407467193 6394.649405663141
7.23 7728.028325120956 8286.274323983482 8070.654159750234 7890.568015073539 7311.001900924855 6437.318528689009
7.26 7906.814181544805 8452.429614902721 8192.496066091775 7987.1376334664665 7376.996644648463 6476.733230693278
7.28 8020.8911652012275 8559.922947763176 8268.68165702306 8047.622486757596 7418.770703057913 6501.067570472769
7.3 8130.197030164113 8664.59521639861 8340.885569437916 8105.484856578916 7459.502185398107 6524.064179893959
7.34 8335.072549252876 8866.87039742536 8476.2902877229 8216.059072867174 7537.349665833794 6565.638462613046
7.38 8527.770413100463 9062.92220123366 8603.563654040367 8321.18684156733 7609.847881588 6602.288083466867
7.41 8668.723034007426 9207.31517580315 8695.134798820052 8395.99374110578 7660.144377874172 6627.206275627673
7.45 8849.666602555031 9394.94225050513 8811.40626974917 8489.66192591958 7721.418254445957 6657.231037304941
7.48 8978.518230766716 9530.704688628924 8893.65054509317 8554.587898746067 7762.892018558482 6677.655347986784
7.51 9100.997503216351 9661.027685306677 8970.777722120756 8614.572691276107 7800.971879795199 6695.6660481072095
7.53 9179.006454625598 9744.538331538011 9019.804326863255 8652.322658779194 7825.200025021723 6706.3837062577795
7.56 9291.270981985657 9866.841148743144 9090.701024429578 8706.8006975553 7859.5340704772325 6721.1048769454355
7.58 9362.666404366857 9946.775260409484 9136.392200263474 8741.706294760957 7880.896425802505 6729.579970817567
7.6 9430.775024201008 10025.103485057107 9181.138403429339 8775.48481721627 7901.199276988937 6737.063275919953
7.62 9493.755790540221 10101.934811805799 9224.633878627463 8807.760614762352 7920.463148172886 6744.1495657424075
7.64 9552.587749138822 10177.430703595095 9266.453788075294 8838.626938186024 7938.503659878513 6750.759358233235
7.66 9609.968986184243 10251.277932361032 9306.789746410424 8868.306810128526 7955.051690977178 6756.764905137399
7.68 9665.553178268547 10323.190278169166 9345.696936306484 8896.631452717276 7970.447355554312 6761.966803840788
7.7 9719.327972477833 10393.162251659958 9382.889456919658 8923.180507339608 7984.982820842695 6766.475613380553
7.74 9822.75674773825 10527.75009721031 9452.681071555837 8972.375648898038 8010.655483546765 6774.35892318407
7.78 9920.747798573937 10656.397896003184 9516.828003317263 9016.76681642655 8032.658432573181 6780.315412922757
7.81 9990.900820983254 10749.75550347287 9561.363040018263 9046.933035328626 8047.399237613077 6783.692975622239
7.85 10080.194321679712 10869.670005883696 9616.396530083424 9083.915886164821 8063.922559507221 6787.483138560857
7.87 10123.18326158801 10927.711951530468 9641.898848217897 9100.467669986434 8070.9509421775365 6788.990327697351
7.9 10186.317009164624 11012.475489270757 9678.04400256887 9123.483779205382 8080.729782842216 6790.615142322883
7.93 10247.108307313807 11094.238988850162 9712.302617747864 9145.183910278212 8088.943579020555 6791.738888884108
7.95 10286.141120106016 11147.047883604631 9733.789022052197 9158.536068669957 8093.401448951742 6792.400759836493
7.98 10343.080800815796 11223.766442860682 9763.425826838391 9176.38555643 8099.416124452767 6793.1535004223515
8.0 10379.643162677554 11273.385338447612 9781.652122583993 9187.173628360772 8102.998588923674 6793.49961702654
8.3 10885.892830863751 11987.934954037624 10008.450552105782 9313.645984541337 8140.510553678366 6796.9455753810735
8.48 11060.464343651423 12270.127363134045 10054.840272705569 9327.970919822868 8141.330720988677 6796.994677792453
8.6 11133.832226396367 12407.13806121847 10066.996452021274 9329.097762992982 8141.371541838369 6797.030466981331
8.7 11179.384350533104 12495.334790780336 10070.053796892615 9329.209838433608 8141.407091215053 6797.065290026077
8.78 11208.518222640016 12551.936307724438 10070.662690754767 9329.2487514032 8141.438498882403 6797.0997321118575
8.85 11229.979328848636 12591.164838842586 10070.756790036276 9329.278322250722 8141.470602307114 6797.134487675061
8.9 11243.326702550865 12613.697135643391 10070.787432036002 9329.29705723856 8141.49399361458 6797.163417898871
8.95 11252.985829700787 12633.186324362514 10070.818189697939 9329.320259461116 8141.520055445151 6797.197734996394
9.0 11259.508075938344 12650.451419910201 10070.84477860362 9329.348812292434 8141.55117141527 6797.236105585197
9.18 11272.872610332854 12691.756629907417 10070.973695905548 9329.510232984649 8141.747301697852 6797.481630434452
9.3 11273.988398555899 12697.715536956292 10071.110169306472 9329.665385816934 8141.954121891742 6797.721151427116
9.4 11274.189083691752 12698.38328318603 10071.268372027915 9329.827248120306 8142.130259184163 6797.897813228751
9.48 11274.221417440433 12698.578996476093 10071.446096650263 9329.988910028533 8142.278599560928 6798.046525315349
9.54 11274.244959510259 12698.670601724327 10071.59200539167 9330.130403647509 8142.4031325127025 6798.175816356556
9.6 11274.272661421832 12698.761835427278 10071.721806250696 9330.28238861737 8142.550400018965 6798.315614773522
9.65 11274.328116000215 12698.796525649537 10071.821798587695 9330.394726665405 8142.70038082256 6798.431641101508
9.7 11274.388515509117 12698.832160398473 10071.921799215655 9330.513654135404 8142.867863611117 6798.547232884613
9.74 11274.41207688195 12698.856278742125 10072.021737907853 9330.626473627044 8143.016976329031 6798.645525536699
9.78 11274.451552645447 12698.882838542724 10072.146463969228 9330.78171356098 8143.214225515444 6798.747498631953
9.81 11274.482044189652 12698.922523535512 10072.249439077037 9330.932895323034 8143.3878280016115 6798.825349930595
9.85 11274.537971581989 12698.976642252575 10072.39399363426 9331.212010539388 8143.664911042668 6798.933106100347
9.9 11274.615165870644 12699.069442438884 10072.54874430747 9331.685323640437 8144.14579742082 6799.077110647015
9.95 11274.6532063521 12699.279157386696 10072.690875634677 9332.263510880839 8144.790148174864 6799.220368064386
10.0 11274.69231528222 12699.43385425935 10072.86254549891 9332.977720149489 8145.647785276817 6799.3785439219455
10.04 11274.720402322062 12699.565003441623 10073.039410745027 9333.663525763799 8146.54338955581 6799.687363571303
10.08 11274.745575592757 12699.70606233242 10073.270532344934 9334.482629143873 8147.667441549983 6800.250953951862
10.11 11274.77046072543 12699.745361035926 10073.478032784127 9335.284306070696 8148.630689885857 6800.61644111891
10.12 11274.783721845895 12699.760209830418 10073.563477860233 9335.633349606553 8148.965081126012 6800.677332830648
10.13 11274.808476142087 12699.768977395452 10073.698562992458 9336.03883295589 8149.306710737632 6800.716748912458
10.14 11274.859899698391 12699.782758404972 10073.92488137005 9336.474561699157 8149.660272870556 6800.748704820026
10.15 11274.925239130294 12699.820914291331 10074.234005683351 9336.942596606727 8150.031931103032 6800.784328098295
10.18 11275.479183199406 12700.66357773151 10075.487332755578 9338.518942424156 8151.235614754691 6801.023454164436
