0.0 0.0001 0.0004 0.004 0.008 0.02 0.05
5.0 141.9982282107878 132.16565149532468 120.43104945680199 118.47709605594493 115.62646457178577 110.88012927231594
5.48 432.2571200843914 402.0791762033316 364.9563695795787 358.06915091548154 346.26797826829886 332.37726191116593
5.7 725.3915245203634 674.0487368809346 608.7067124458231 594.640067971475 571.5033583702383 537.4274072248814
5.85 1037.1837439181966 962.594457003751 864.8064832546331 840.7617869352136 807.3657725819735 734.2668416141033
6.0 1491.711655574141 1381.9218838202653 1233.0776221928982 1189.5943796681886 1135.5947798532352 984.6080464838049
6.1 1910.5850282694953 1767.0517984610194 1565.7489369367781 1499.5944455021092 1418.6873483132574 1173.2522811410315
6.18 2336.3359273903957 2157.3606621852186 1895.9900313545975 1807.7908459187454 1683.2284834843576 1334.5144346393688
6.24 2721.5900195119225 2509.2932782147905 2186.489500961588 2082.2355493172904 1897.0209468446897 1456.752378794796
6.3 3179.7918365274368 2923.9647399102223 2524.2610901613793 2393.5896390317266 2122.929522928671 1574.186595173346
6.35 3628.76057614526 3325.3215101751384 2842.1894360042124 2679.2182691969224 2310.746961270072 1663.1808801824102
6.4 4144.559103455628 3769.7910259603 3185.47110337408 2973.193033949071 2493.9805809807144 1750.3122242504999
6.44 4599.955458188733 4147.757780487394 3471.7666438743777 3205.7232356588183 2643.925399361923 1844.1034980915333
6.48 5069.554689384996 4544.632895130576 3760.6797003919246 3439.391285797192 2801.530670254003 1949.0024183250805
6.51 5408.757910779289 4859.28297577732 3982.011079876999 3615.740768879616 2920.581428496221 2008.1826053999705
6.54 5719.452856624924 5178.708011242577 4215.894478851943 3794.3663335947053 3028.734064134295 2051.8635934532035
6.57 6007.44048636144 5473.099821985201 4459.63249754773 3971.514952823816 3122.579622097703 2091.760427608335
6.6 6280.076751614042 5717.351728387078 4685.706248115558 4124.795807728305 3199.643601464425 2136.617832800424
6.63 6534.107379704133 5917.593223506148 4868.067184131362 4244.802092040511 3262.840747138064 2198.4693956291753
6.65 6693.301070338966 6038.155585961061 4966.952493804162 4312.575653446414 3302.7145603153617 2246.22272901014
6.68 6919.015421624146 6203.498080594992 5091.755880033674 4398.6994635366855 3360.5479575227528 2300.7912804557036
6.7 7060.4896073022865 6304.395450367513 5156.527173773604 4447.847205664083 3398.961135067676 2320.0446321294226
6.72 7195.345278995524 6398.960816856577 5211.368491397013 4492.15789215165 3439.4103888413574 2328.3662578496164
6.74 7321.809822665777 6485.611485477155 5258.206883356646 4523.985955182264 3473.6631574008484 2331.5831530238697
6.76 7435.694388555401 6561.276759235601 5295.547712275523 4542.347198241878 3490.9957938103003 2333.707887763081
6.78 7540.394319162574 6629.1502286807545 5327.443333709158 4556.949615046202 3497.484365451237 2335.496695849175
6.81 7683.808379763917 6722.534520073235 5367.631643698797 4576.164155362239 3506.0507877173786 2337.709596892795
6.85 7849.627217728977 6831.292804971698 5407.351513906481 4595.684493019009 3515.2441792279838 2340.061737730234
6.86 7887.787130159121 6856.08243229591 5415.5643810697475 4599.250803541003 3517.150139380528 2340.5922380214975
6.88 7957.928541272007 6901.676919569424 5430.8466482875365 4605.145690056032 3520.687385405659 2341.5661784372837
6.89 7989.646220841674 6921.447298893426 5437.753740891562 4607.665380509306 3522.283787877512 2341.997168120233
6.9 8020.785595410602 6939.794029849137 5444.246542214898 4610.100018133823 3523.799769482511 2342.4075383345544
6.92 8080.850810949793 6975.009103724027 5455.650015008572 4614.73733779051 3526.6185040343416 2343.1748477910237
6.93 8109.139476422 6991.5268032409585 5460.373370280117 4616.8462216408625 3527.895817358579 2343.5232541581327
6.94 8136.097579316732 7007.13161327664 5464.104035512573 4618.816961546064 3529.086297932848 2343.8478502142802
6.95 8161.730928018566 7022.131434580398 5467.068053808764 4620.681642086847 3530.188026306691 2344.146318891592
6.97 8208.542786961409 7049.566861562467 5472.653099661463 4624.095543385702 3532.02454503014 2344.6751259953976
6.98 8229.472696234605 7061.938478699332 5475.265597921674 4625.554476926952 3532.7857900904633 2344.9134851580734
6.99 8247.57288562227 7073.223000779494 5477.74528035588 4626.8508844464795 3533.511610805814 2345.138289571681
7.0 8263.291844059415 7082.768932338694 5480.088586203698 4628.114699671769 3534.197517408613 2345.3487757649827
7.04 8320.551952555943 7113.601806879836 5488.024296449449 4632.82293379011 3536.5626113223498 2346.0380404467314
7.08 8367.625546084744 7137.4985650494755 5493.495279963682 4636.776474854433 3538.2987346211858 2346.5337483887183
7.11 8393.587764007356 7150.68925067974 5496.511847122612 4639.088476601518 3539.2839600863645 2346.8188257689794
7.15 8418.825978795643 7161.83695092447 5499.8864382311785 4641.505854546843 3540.301197403295 2347.109052297769
7.18 8434.312320672678 7167.576822069868 5501.7802969216855 4643.011956314291 3540.8679398495588 2347.2808771770874
7.2 8442.64467822806 7171.033925772343 5502.781400209693 4643.843931887821 3541.168734396886 2347.372746631962
7.23 8451.09678981019 7175.36569686057 5504.138859441361 4644.869786833802 3541.5367428270124 2347.4936915782864
7.26 8456.516219976218 7178.778917776828 5505.279852304658 4645.619961084601 3541.83582295463 2347.587978876253
7.28 8459.751358009466 7180.783295490982 5505.8992514033525 4645.982166140267 3541.9979257849013 2347.6371776109836
7.3 8462.6603655706 7182.640618991441 5506.4306220503095 4646.30502873818 3542.144369366558 2347.6806810201624
7.34 8467.320644495097 7185.829016758213 5507.278775086859 4646.83830193205 3542.3864938410543 2347.749124092716
7.38 8470.800265589827 7188.306425775358 5507.9011853973225 4647.2511955305645 3542.569072982774 2347.7976933992873
7.41 8472.990866382726 7190.006116557957 5508.281482755088 4647.496930813865 3542.6751248374717 2347.8245645807656
7.45 8475.067023799396 7192.411734541713 5508.684278790692 4647.755352186113 3542.7816298630755 2347.850225540878
7.48 8476.088549455546 7194.362527201624 5508.926859297465 4647.9046247526385 3542.843533332457 2347.8653788521447
7.51 8476.979980875796 7196.646103470507 5509.119936850599 4648.024176652557 3542.8908415174324 2347.8760829739576
7.53 8477.495657844389 7198.496781416671 5509.233867491764 4648.092356325291 3542.9177576106235 2347.881175676016
7.56 8478.131828167252 7201.549257597348 5509.379459421184 4648.178508084088 3542.951057867512 2347.8875940880034
7.58 8478.474751539055 7203.503055492818 5509.4607512678285 4648.227251760567 3542.96815918222 2347.890518105195
7.6 8478.768079470625 7205.316745395024 5509.535680827636 4648.270430629387 3542.9827386496113 2347.8924543104904
7.62 8478.988665812016 7206.97024053399 5509.60287661628 4648.306368569259 3542.9954982386485 2347.8941893082724
7.64 8479.155852899006 7208.445817499467 5509.659924802987 4648.33684156522 3543.0059828535636 2347.8957036341044
7.66 8479.309097717849 7209.615189052785 5509.70935748796 4648.3641085978425 3543.0137068821305 2347.896929971956
7.68 8479.4429703428 7210.51690732947 5509.754037741153 4648.3876946178325 3543.01983005507 2347.897760510931
7.7 8479.555144161382 7211.356520791514 5509.793037196269 4648.406564389421 3543.025322819422 2347.8983055280555
7.74 8479.74315674784 7212.956384701495 5509.856201590932 4648.4358783357775 3543.0329152501017 2347.8991745303338
7.78 8479.891879659664 7214.354794729586 5509.9029260508805 4648.456835789074 3543.037189054219 2347.9103220958696
7.81 8479.980479484391 7215.163763630509 5509.92878719568 4648.467290963229 3543.039681855111 2347.9278524724996
7.85 8480.075717784817 7215.957382314158 5509.9553536577105 4648.478342941708 3543.041749113018 2347.9531175172992
7.87 8480.115101619213 7216.279321978947 5509.965577969378 4648.482024576409 3543.042337390112 2347.9665306578368
7.9 8480.173610242977 7216.679341588751 5509.977348404034 4648.485875574718 3543.0516086541047 2347.987774161902
7.93 8480.226908552 7216.9931152382715 5509.987042497452 4648.489119215557 3543.0705292615557 2348.01055220588
7.95 8480.256833768188 7217.17456425321 5509.992335192193 4648.490814840752 3543.083849171187 2348.0263418112213
7.98 8480.294146008018 7217.363830734118 5509.9980617259525 4648.492475361307 3543.1047219806405 2348.047889879242
8.0 8480.312560079201 7217.437747427135 5510.000828967334 4648.493216050505 3543.119227317549 2348.060910301044
8.3 8480.482785457494 7218.424704443489 5510.127105722044 4648.596652664613 3543.4455703740527 2348.3752437520916
8.48 8480.495760405587 7218.876874644388 5510.431515866044 4648.866088517364 3543.7636588940213 2348.7132032724776
8.6 8480.498446930655 7219.157851152362 5510.747701042623 4649.17043992733 3544.0252910269082 2348.9721553272952
8.7 8480.58331886657 7219.363299171511 5511.013944147475 4649.4361747371295 3544.261599262897 2349.204393224317
8.78 8480.748261044278 7219.528223304571 5511.26683963397 4649.6527630081755 3544.4622313629607 2349.4359631319353
8.85 8480.90756408144 7219.680223047076 5511.497793530492 4649.854927267747 3544.6626787797773 2349.6507358503495
8.9 8481.014461330555 7219.801082899591 5511.663165135147 4650.000893252461 3544.815004891008 2349.8082153573596
8.95 8481.125944598778 7219.920470869578 5511.8452635327485 4650.167491099716 3544.9792432057197 2349.9890393408514
9.0 8481.245516361485 7220.022730719319 5512.047163971392 4650.365993354697 3545.1651559593165 2350.1937512523637
9.18 8481.719342906685 7220.588302069751 5512.918447248229 4651.315721148079 3546.084587881486 2351.2848834696542
9.3 8482.123205347023 7221.143577313258 5513.627318580421 4652.061074793861 3546.8364149930635 2352.2049685492143
9.4 8482.502173131514 7221.673471940782 5514.316863940445 4652.731430609113 3547.403237231014 2352.83848566406
9.48 8482.829593982842 7222.169781254902 5514.957691905115 4653.274053899225 3547.828770067205 2353.3052053319957
9.54 8483.112782307237 7222.637884233875 5515.423922669801 4653.668348037822 3548.1529531386423 2353.6732768330808
9.6 8483.465712798547 7223.086569711581 5515.876838826874 4654.050579062585 3548.531085295002 2354.087866663275
9.65 8483.951218071283 7223.466160316505 5516.302314353806 4654.313343377354 3548.9005482408866 2354.418665882287
9.7 8484.446669749861 7223.857194231617 5516.703920415441 4654.627574802156 3549.3043477073097 2354.716412910511
9.74 8484.706644298789 7224.080333518345 5516.998822372273 4654.92807391558 3549.657486843994 2354.970364966328
9.78 8485.169525719806 7224.3615951200145 5517.2873093774 4655.269517081014 3550.0836505707466 2355.2312309649446
9.81 8485.524662263271 7224.721044634136 5517.50469609952 4655.580110354771 3550.446140228612 2355.433794401336
9.85 8485.901517199976 7225.163154657421 5517.794225336397 4656.1417417762395 3551.0189270664564 2355.719206381235
9.9 8486.40141915026 7225.578402680403 5518.184217464655 4657.088018534275 3551.9813912373997 2356.0643914945776
9.95 8486.748761665538 7226.014965402817 5518.605681515652 4658.240992557702 3553.26925099871 2356.4201372282946
10.0 8487.085434906889 7226.317538098845 5519.049576055642 4659.645510508442 3554.9841993086743 2356.8633158651423
10.04 8487.339377361695 7226.594957021455 5519.458747523618 4660.993450368501 3556.7388303778566 2357.5729569476075
10.08 8487.594998296587 7226.887994233542 5519.949976470616 4662.565348296675 3558.9164677284016 2358.7651138247215
10.11 8487.886325052712 7227.20152036952 5520.402571188607 4664.091479944211 3560.7568249194815 2359.5319657948758
10.12 8488.010070058093 7227.332071984674 5520.578735878063 4664.73709228705 3561.3811456852445 2359.6697048593232
10.13 8488.144217101311 7227.441223998494 5520.836367227112 4665.459416943257 3562.0179437828883 2359.7713203004296
10.14 8488.299506535806 7227.561335221796 5521.247425984849 4666.223053173852 3562.670008492048 2359.8622368224683
10.15 8488.436287437886 7227.694277064602 5521.806927194889 4667.028616147551 3563.3401845725903 2359.9473142032607
10.18 8488.779148300326 7228.034562823573 5523.97169985083 4669.6772931195455 3565.501883317129 2360.4169804800263
