0.0001 5.0 1.8025474493231832 2.2557378427764596 2.6720735705408365
0.0001 5.48 1.8108898142401109 2.2637546532224895 2.679809209998735
0.0001 5.7 1.793189630106537 2.2463303607805094 2.662666828534609
0.0001 5.85 1.761701091910742 2.215512859315479 2.632496557614386
0.0001 6.0 1.7200078116660484 2.174634369590334 2.59237465118967
0.0001 6.1 1.675946903742767 2.130511602022556 2.548389005244379
0.0001 6.18 1.6304287183929254 2.0849986178725977 2.5030614050450644
0.0001 6.24 1.594497183431597 2.049411714998184 2.4679564778347447
0.0001 6.3 1.5373997505487984 1.9924514879695159 2.4113808874132565
0.0001 6.35 1.4758583847954774 1.9313108640059204 2.3507976735437146
0.0001 6.4 1.3566348274272975 1.8104319881726219 2.2294619653417675
0.0001 6.44 1.1764325474538828 1.6260817154312952 2.042967666944873
0.0001 6.48 0.7843557542083751 1.1991904828985702 1.5911431286631035
0.0001 6.51 0.1401407588500142 0.5013514488366418 0.8544569855901379
0.0001 6.54 0.054394116621499955 0.40789126244771057 0.7556101474132483
0.0001 6.57 0.05381869896927827 0.4042001204725928 0.7496709018433002
0.0001 6.6 0.1568187341294781 0.5053945525536655 0.8492852125486628
0.0001 6.63 0.47174531738604986 0.8343072112098803 1.1876351420500462
0.0001 6.65 0.47501399560212365 0.8350029241306395 1.1865159326884203
0.0001 6.68 0.5530878684685071 0.9176675113454756 1.2733266917955226
0.0001 6.7 0.680753311600666 1.058935089666638 1.4255178295298854
0.0001 6.72 0.9059928463888959 1.3034782834510827 1.6840963090403966
0.0001 6.74 1.1876025160701977 1.6013716861915817 1.9939094313316281
0.0001 6.76 1.2749565763271895 1.6876650554497536 2.0794447770643436
0.0001 6.78 1.291294804463019 1.703808187228487 2.095576486482576
0.0001 6.81 1.3657755226884922 1.7815669760686652 2.1754750488658607
0.0001 6.85 1.5910172998603733 2.0205111668977813 2.4191901406133147
0.0001 6.86 1.5988342045152115 2.0282461044083084 2.426808670275063
0.0001 6.88 1.6225771359078727 2.0520690231864456 2.4505253012728025
0.0001 6.89 1.6364003645037832 2.0656256099739188 2.4637894149993165
0.0001 6.9 1.6415103729939111 2.070667519404244 2.468735465518376
0.0001 6.92 1.6665824857249354 2.095276619249025 2.4928837669844746
0.0001 6.93 1.6803082708257526 2.108732060015837 2.5060924738723975
0.0001 6.94 1.6958653699031578 2.1238915409244234 2.520855609904897
0.0001 6.95 1.712595963460641 2.1400913402241577 2.536491879383829
0.0001 6.97 1.747120131492712 2.1735541420216697 2.5687940443123884
0.0001 6.98 1.771861095354749 2.1974260614992978 2.5918062576587864
0.0001 6.99 1.8074079757768522 2.2318002432776587 2.624946639564006
0.0001 7.0 1.8334140685487248 2.2572904542110073 2.6497438070940524
0.0001 7.04 2.0174832979129795 2.441492612809396 2.833376039905955
0.0001 7.08 2.0363580011675473 2.4555545507740795 2.8429518076471374
0.0001 7.11 2.062493577014434 2.4763251320549506 2.8589618791759057
0.0001 7.15 2.096379947515492 2.5008600687581626 2.8755066920171735
0.0001 7.18 2.211543475248026 2.6099156122719385 2.9780040784345707
0.0001 7.2 2.258223058943171 2.657385260867462 3.027058931122004
0.0001 7.23 2.2859496691440433 2.6797785400927743 3.0450880401444187
0.0001 7.26 2.305639187110591 2.693537728554032 3.054015216485437
0.0001 7.28 2.321447965951419 2.7044252694182638 3.0608407636994293
0.0001 7.3 2.3669090136367053 2.7475317161050348 3.1016346606380885
0.0001 7.34 2.4933246618918523 2.871250528402816 3.2228802992672576
0.0001 7.38 2.509230309962644 2.8801444371005807 3.2254992338569486
0.0001 7.41 2.5293120587670734 2.894689996044993 3.234955681477634
0.0001 7.45 2.5511554871512465 2.9084726200668363 3.2412898034917936
0.0001 7.48 2.5719157688207495 2.9221485658530333 3.2486643570848464
0.0001 7.51 2.662078502098081 3.009060349922455 3.331012034797238
0.0001 7.53 2.7473157593345383 3.0963748676239553 3.4213322346413952
0.0001 7.56 2.754236561788131 3.0987324019009868 3.4189155549640637
0.0001 7.58 2.7649788082223927 3.107666729524238 3.4255342524508356
0.0001 7.6 2.7768080688189634 3.1160353432733507 3.4303714671307026
0.0001 7.62 2.7818234362615875 3.1170413245499993 3.4275659630477384
0.0001 7.64 2.8019774400805395 3.1322308688824996 3.4379483916103886
0.0001 7.66 2.8124128317947714 3.1386972015405283 3.440460580112306
0.0001 7.68 2.82886281572574 3.1504347541985616 3.4476634673363384
0.0001 7.7 2.8941594244874245 3.2127872943554343 3.5058240423474536
0.0001 7.74 2.9718046313856425 3.288028678100152 3.5801748896443804
0.0001 7.78 2.9911203990143185 3.2982243213780342 3.5817844869068813
0.0001 7.81 3.0145683812414155 3.3150977879067134 3.592198639749467
0.0001 7.85 3.095172459474076 3.3912078722514116 3.6647924605253457
0.0001 7.87 3.1124993321686225 3.4043839723171962 3.6739566748394146
0.0001 7.9 3.1212337677677815 3.4057302963027403 3.6689113074851796
0.0001 7.93 3.1282059572855068 3.405188391379409 3.6618799843272405
0.0001 7.95 3.1438897673582082 3.4145527024166333 3.6655957534927928
0.0001 7.98 3.2267197598020068 3.488696947899759 3.730243412363732
0.0001 8.0 3.263571762606245 3.528423390122382 3.774957862920876
0.0001 8.3 3.372238388170151 3.1302342116823616 2.863870581734131
0.0001 8.48 3.5416467968584207 3.1871291848270693 2.9041824808187875
0.0001 8.6 3.6893223635098997 3.345653477998551 3.0700591880108994
0.0001 8.7 3.9217460553573296 3.644642947366376 3.4140275459809337
0.0001 8.78 3.9881738625398078 3.6995800105784205 3.4669225458180057
0.0001 8.85 4.074438540431478 3.766432629667617 3.525211774727557
0.0001 8.9 4.247964303247043 3.97243322241413 3.754972382698545
0.0001 8.95 4.3214304624401105 4.033519463095997 3.811091031043913
0.0001 9.0 4.407224590799499 4.1182829346275565 3.901508328637964
0.0001 9.18 4.76092724489259 4.3133983481034885 4.029941898041768
0.0001 9.3 5.009447670940409 4.538443634281419 4.249846576339349
0.0001 9.4 5.2729081199957815 4.811283513474846 4.5324792044980935
0.0001 9.48 5.448222916087557 4.996801534637006 4.729852954165578
0.0001 9.54 5.584490293124473 5.129108609071251 4.863544510586456
0.0001 9.6 5.708418492625325 5.2423576256431215 4.9702558578341876
0.0001 9.65 5.890552355391646 5.438931469826093 5.174839789902235
0.0001 9.7 5.9595232025285565 5.4928507678480525 5.226945138188141
0.0001 9.74 6.018708478198375 5.537636587402906 5.270201268623849
0.0001 9.78 6.097872822203042 5.603493013023273 5.333852787106258
0.0001 9.81 6.209056809249253 5.725040673273943 5.4632881663190656
0.0001 9.85 6.28551537521229 5.793989777800858 5.529835828900202
0.0001 9.9 6.379525538985247 5.879560036887552 5.613541536193699
0.0001 9.95 6.54261034263269 6.039539451535786 5.772219632701292
0.0001 10.0 6.664073953044001 6.177871388874051 5.921046300211655
0.0001 10.04 6.719901720196033 6.2463497594993225 5.996587751006535
0.0001 10.08 6.811971752194713 6.3427159082540765 6.094650422299045
0.0001 10.11 6.886597902429555 6.420607070375416 6.174955717259072
0.0001 10.12 6.899434477709901 6.437872084539093 6.193879078089649
0.0001 10.13 6.935938640671621 6.474213454154556 6.231134562709213
0.0001 10.14 7.034916379177835 6.5852179571321425 6.348274853349642
0.0001 10.15 7.064270041327019 6.609010266083116 6.3701160490098925
0.0001 10.18 7.124306265992869 6.680778765324318 6.448343417957174
0.0004 5.0 1.7073580383358524 2.158876412389487 2.5738730484274988
0.0004 5.48 1.6654816859163026 2.117794996526404 2.533533332637132
0.0004 5.7 1.6482040778197038 2.1006765009793873 2.516579960047762
0.0004 5.85 1.6367190610255 2.089174191797452 2.5051015418144877
0.0004 6.0 1.5908455272392934 2.043500890977666 2.4599546869494
0.0004 6.1 1.5421226648184194 1.9955050987408618 2.412728687898569
0.0004 6.18 1.5134979244204536 1.9670105404164722 2.384428047288393
0.0004 6.24 1.4696434097006992 1.9227327940768197 2.3402125113119587
0.0004 6.3 1.409811636385283 1.8627560409176858 2.2802269502444665
0.0004 6.35 1.3483013501563454 1.8016528439146078 2.2197512679423475
0.0004 6.4 1.2299642405116606 1.6817191057686052 2.09908191618482
0.0004 6.44 1.0536582168283153 1.4995327225594486 1.91354535863749
0.0004 6.48 0.7915134109893792 1.2176415087010617 1.6183853629735316
0.0004 6.51 0.6457484978049145 1.0672480329800158 1.4646079439152948
0.0004 6.54 0.5839449900501897 0.9932390743325762 1.381717991789626
0.0004 6.57 0.4755729193556256 0.873390446730722 1.2539133719531583
0.0004 6.6 0.4536637349377891 0.8388070929060213 1.210333999961255
0.0004 6.63 0.7323206592069745 1.134954569323424 1.5187131273178571
0.0004 6.65 0.7519178894235573 1.155508936534131 1.540333637351606
0.0004 6.68 0.7721887705622571 1.1759160442030754 1.5611082994586645
0.0004 6.7 0.8011908178509352 1.2046068860167316 1.589394024819105
0.0004 6.72 0.8428823942712264 1.2437043840092676 1.6263139964677769
0.0004 6.74 1.0434439190085079 1.4550868425143313 1.8450331929805919
0.0004 6.76 1.0604740808937527 1.4715994803106134 1.8611935408339995
0.0004 6.78 1.0900250506579332 1.5000057838900793 1.8887736144042129
0.0004 6.81 1.1983849912697173 1.6098033892441328 1.9991293590865076
0.0004 6.85 1.4257641912340069 1.8419469501768808 2.228097100686836
0.0004 6.86 1.421638853833739 1.8371542640564846 2.222876507013678
0.0004 6.88 1.4471948901959997 1.861120661715558 2.2450581825483744
0.0004 6.89 1.4416784948119576 1.85497135006757 2.2380522026461995
0.0004 6.9 1.46333549434488 1.876233999985954 2.258581058445484
0.0004 6.92 1.480591980408453 1.891491237440801 2.271575723912631
0.0004 6.93 1.4820548831297962 1.891001485872605 2.269601975046141
0.0004 6.94 1.5093862196640209 1.9170335290467242 2.293594673416903
0.0004 6.95 1.519327021606029 1.925817376178839 2.3008786866371387
0.0004 6.97 1.5442723790150956 1.9470493325129588 2.317985167797692
0.0004 6.98 1.548678435835567 1.9490798922345909 2.3177418003733243
0.0004 6.99 1.5730483969269762 1.9696762512192172 2.334686264901277
0.0004 7.0 1.5995788128431463 1.9951434284509566 2.3583040411713063
0.0004 7.04 1.7707256023449083 2.161738671722856 2.5210173507426084
0.0004 7.08 1.7325388228143033 2.1008683979780733 2.440034101191555
0.0004 7.11 1.7049339263955452 2.0451050469505154 2.3560368562278575
0.0004 7.15 1.7117041217064233 1.9958094250300866 2.247564575765279
0.0004 7.18 1.825635277270512 2.103432644117388 2.344573668584436
0.0004 7.2 1.9166514978049825 2.1928085473313224 2.4308996280397657
0.0004 7.23 1.948890100013441 2.2137563941150282 2.440550771768469
0.0004 7.26 1.9763971521948611 2.2325840832430948 2.4517452149172647
0.0004 7.28 1.9928388886669075 2.2376850380561115 2.4458045526777688
0.0004 7.3 2.0207644369517914 2.2523934594398134 2.447818352172843
0.0004 7.34 2.2158251877734165 2.4703963636388315 2.688326434991564
0.0004 7.38 2.2207973372640004 2.4597087790145316 2.6639377627509098
0.0004 7.41 2.2329358874949725 2.469133510241432 2.6722304503323904
0.0004 7.45 2.2391379507860427 2.4608099818106743 2.6519303148592193
0.0004 7.48 2.2438050582463496 2.4573636808160564 2.6424608337118918
0.0004 7.51 2.2666401959074114 2.488941980961639 2.6854473110755754
0.0004 7.53 2.376197243734564 2.5943417144728165 2.7848838518034262
0.0004 7.56 2.447666104144657 2.6702794317047966 2.866625003748202
0.0004 7.58 2.460336433460197 2.67795394110635 2.870370640036794
0.0004 7.6 2.4683154508942358 2.6816560548211874 2.8710475179572135
0.0004 7.62 2.4863416456010206 2.697049220112587 2.8848976624298905
0.0004 7.64 2.4975400545141304 2.7029881832809486 2.8868748034596883
0.0004 7.66 2.5025841271531113 2.701926720264152 2.880595983221722
0.0004 7.68 2.5195658393519245 2.7164444180429874 2.893834316938358
0.0004 7.7 2.5536489131306204 2.756168680354141 2.9402648602092234
0.0004 7.74 2.7037080203841746 2.907345582591423 3.0916282859824284
0.0004 7.78 2.7327482386518915 2.9265391457139294 3.1029183028826544
0.0004 7.81 2.7477139604655085 2.9348860752898083 3.1062562405805614
0.0004 7.85 2.8480482913584715 3.0285149070264032 3.1933940140631356
0.0004 7.87 2.8801040176280117 3.0584945367825944 3.222210236482949
0.0004 7.9 2.900268363861469 3.0731078780717787 3.232277893677631
0.0004 7.93 2.9051857356045168 3.0655852596691395 3.21464614713963
0.0004 7.95 2.919315969663747 3.07358890266809 3.217829040199772
0.0004 7.98 2.9725967287748793 3.137130198639871 3.2911040030995387
0.0004 8.0 3.0440934923460765 3.197792750938047 3.3416730892774615
0.0004 8.3 3.3645375018377854 3.232438809468197 3.0570999536408556
0.0004 8.48 3.540418308698887 3.2000835573224626 2.9241117405293813
0.0004 8.6 3.723447653786257 3.4120435205038553 3.1744170888872723
0.0004 8.7 3.967971020711763 3.683307709930188 3.4726297875853454
0.0004 8.78 4.093464968731984 3.771985191753378 3.5481614552199665
0.0004 8.85 4.178737865965756 3.8302688787427335 3.5981036909239115
0.0004 8.9 4.2778023420728655 3.9069316158355156 3.663643603778025
0.0004 8.95 4.4394226745903165 4.088082918120589 3.859400091330611
0.0004 9.0 4.499208784044532 4.124985566277287 3.8888946859155857
0.0004 9.18 4.898762913823317 4.483902133659589 4.235855474312883
0.0004 9.3 5.092214036238543 4.643036017866015 4.387170117439927
0.0004 9.4 5.354673701506995 4.91094534926337 4.663256267656676
0.0004 9.48 5.5576484807327855 5.113014784728433 4.868566121272655
0.0004 9.54 5.67592472892049 5.212864281064595 4.961397740594036
0.0004 9.6 5.825856482877503 5.362665820698792 5.115290388936819
0.0004 9.65 5.914421518143746 5.436005960343669 5.18271928681615
0.0004 9.7 6.061778693423419 5.5868201149763745 5.337539547751531
0.0004 9.74 6.137741251830972 5.650194749735638 5.3959123986441835
0.0004 9.78 6.203488501222791 5.709139481617035 5.452802214591371
0.0004 9.81 6.267477540206839 5.765027471824103 5.505746650395173
0.0004 9.85 6.4125621884585 5.917453450945343 5.663513378180793
0.0004 9.9 6.497859242296093 5.994344779017572 5.737816144843327
0.0004 9.95 6.606013088006845 6.0913276065051445 5.830758426236576
0.0004 10.0 6.751095455411507 6.232542977740378 5.97038854278375
0.0004 10.04 6.831272770128157 6.323987295851586 6.069719354291776
0.0004 10.08 6.91185257866435 6.410878449330552 6.160353767496003
0.0004 10.11 6.9543868702486105 6.470850257673105 6.228399613163779
0.0004 10.12 6.960780709322334 6.481248941988921 6.240280032669785
0.0004 10.13 6.988588994657439 6.512472794628769 6.27320250430631
0.0004 10.14 7.0133957694517814 6.545263139967437 6.309331408399613
0.0004 10.15 7.028055609791059 6.560795735609686 6.324015420024507
0.0004 10.18 7.106189741821408 6.646672855608747 6.412384988388714
0.004 5.0 1.4430616751811676 1.892486267703409 2.306800516363088
0.004 5.48 1.4230907800871058 1.8726464613844604 2.287122632468742
0.004 5.7 1.3880722301874804 1.8381921533629515 2.2532427190055535
0.004 5.85 1.3507018740017904 1.800239379217769 2.215108434859102
0.004 6.0 1.3181392717349332 1.76701609815346 2.181596967350399
0.004 6.1 1.2470607528605746 1.6961738552409193 2.1113315013925535
0.004 6.18 1.2172767185444946 1.6663458599802161 2.0817740903159936
0.004 6.24 1.184283187207702 1.6340762731446836 2.050106339000974
0.004 6.3 1.0973780866558278 1.5462471497187003 1.9619027346276616
0.004 6.35 1.038666350259644 1.4861621764117792 1.9010307481342301
0.004 6.4 0.8984910914920384 1.3421279765214655 1.754688251637757
0.004 6.44 0.7416604795523917 1.1794891282642488 1.5888141691668358
0.004 6.48 0.6343316363868873 1.0665956264961642 1.4723027624387703
0.004 6.51 0.3892109689825084 0.8106937572469924 1.2063981051862505
0.004 6.54 0.3107250991133107 0.725696291123581 1.115466864770537
0.004 6.57 0.37547847303298243 0.7845884580693842 1.1697240651646488
0.004 6.6 0.6203927376056392 1.0370639293451993 1.4280874484768993
0.004 6.63 0.6205338797334555 1.039521195004267 1.4347099601902946
0.004 6.65 0.6156220439732302 1.0397562251026478 1.4391827108110653
0.004 6.68 0.5139659402550741 0.9366970053717673 1.3365910085751458
0.004 6.7 0.6521660894762654 1.0653853086400438 1.4608466581799155
0.004 6.72 0.6231452674343793 1.025790450208779 1.4134701680589763
0.004 6.74 0.7052551202873026 1.1048132976712686 1.4860907760689535
0.004 6.76 0.6915000296102797 1.0853008282190522 1.4613238212423716
0.004 6.78 0.6598579168561592 1.0479731564068522 1.4198544988737019
0.004 6.81 0.6934693878971508 1.0690261083306871 1.4297019347833433
0.004 6.85 0.6286605701363307 0.8698655617178354 1.0924287433573148
0.004 6.86 0.6237298976251872 0.8634029621735074 1.085452118377821
0.004 6.88 0.6607655678181011 0.8850808726474689 1.089551673491305
0.004 6.89 0.6588536068544549 0.8739632513856798 1.0684857499151454
0.004 6.9 0.6726784091721761 0.8772600849151552 1.060707006181301
0.004 6.92 0.7072493226393824 0.880876694182232 1.0352972914406897
0.004 6.93 0.7201862537051632 0.8735925080698458 1.0094683968941687
0.004 6.94 0.7388645458948041 0.8760423300186752 0.9962162474324124
0.004 6.95 0.7810266329988075 0.8930622183782312 0.9893068301569464
0.004 6.97 0.8366135194753191 0.9063676137469777 0.9617090157781952
0.004 6.98 0.8694735036383584 0.9210007708826687 0.9561404716843619
0.004 6.99 0.9181242813057487 0.9457413208606035 0.9546521829574438
0.004 7.0 1.0043927835046893 1.0605929882599034 1.0864554078202366
0.004 7.04 1.3048789853682314 1.4044880003838336 1.458383020847973
0.004 7.08 1.352096357190772 1.4738416787498898 1.5458293248624577
0.004 7.11 1.4288164661778757 1.5636815723173547 1.6448957113278104
0.004 7.15 1.5774824351720702 1.7226549658908872 1.8095368422078315
0.004 7.18 1.7764411316891517 1.9758101902789824 2.112642131287392
0.004 7.2 1.8198431804168371 2.01095181852313 2.140400691005309
0.004 7.23 1.8105128479242985 1.97410674785417 2.079385038046778
0.004 7.26 1.8329909926623862 1.9661784996026888 2.04543853706893
0.004 7.28 1.8414800566198202 1.9520181022908623 2.0134907806500713
0.004 7.3 1.873096690881423 1.9582280585693872 1.9982770099752165
0.004 7.34 2.0335922946052114 2.1481623225343163 2.2136985273007546
0.004 7.38 2.049343029538496 2.136338947675623 2.182374792647939
0.004 7.41 2.0594573608354216 2.124184111361165 2.154661582222301
0.004 7.45 2.0935529249523888 2.1282604707239563 2.1376242584758436
0.004 7.48 2.1167089092947697 2.121538665557137 2.1107243399095075
0.004 7.51 2.177037921422856 2.1433190017354824 2.1063766000672763
0.004 7.53 2.255485846891458 2.234465289467463 2.209493509535077
0.004 7.56 2.384369672177099 2.390239987483189 2.382391428891713
0.004 7.58 2.4042441119573943 2.4119170286375726 2.4065235529524904
0.004 7.6 2.41727047954974 2.4278632043037667 2.426090568536386
0.004 7.62 2.4374460404016083 2.4485629670301825 2.4482738937367663
0.004 7.64 2.4463287370896913 2.461044964427051 2.4646062403931146
0.004 7.66 2.464803426645799 2.4806515707650454 2.485563512742727
0.004 7.68 2.4835796612048546 2.4992202041429343 2.505465092376189
0.004 7.7 2.5027437482586 2.5167827950345205 2.523161263828688
0.004 7.74 2.579835742250251 2.6331956319877015 2.6727931972105643
0.004 7.78 2.6818956666157923 2.7364299747767666 2.7781675389563296
0.004 7.81 2.7082204308491007 2.7560869700247657 2.7945471101601504
0.004 7.85 2.7719231625804333 2.810852333963337 2.8447423943408316
0.004 7.87 2.7951115043735633 2.8623454085840527 2.9205476315791095
0.004 7.9 2.8802803509329187 2.946610049437323 3.004190855573524
0.004 7.93 2.9108114560818428 2.967037313291113 3.0175900693439934
0.004 7.95 2.92842867917737 2.9834442336179356 3.034288844757645
0.004 7.98 2.95477760197407 2.999221145338209 3.0428316412584
0.004 8.0 2.9830732081858335 3.0219448721480666 3.06149251408466
0.004 8.3 3.510967071051281 3.5417200683896772 3.5689504002447214
0.004 8.48 3.7988418351093833 3.7455279529830228 3.713054993614788
0.004 8.6 4.074380656399354 4.023413450062675 3.988001108505548
0.004 8.7 4.263140813420788 4.168257586644954 4.0782077412074695
0.004 8.78 4.405022046992711 4.281256469365259 4.1432468768919986
0.004 8.85 4.525544459160896 4.37554571840767 4.235575087547529
0.004 8.9 4.6123385931925025 4.432259938326601 4.27494640601155
0.004 8.95 4.715360362266983 4.502132048591184 4.32528777284365
0.004 9.0 4.81851183454337 4.567047488216927 4.368320531829054
0.004 9.18 5.298242664756982 4.924934721748405 4.678730149856234
0.004 9.3 5.611823373848493 5.177893585656049 4.92304915674392
0.004 9.4 5.814437358022536 5.3435118884678925 5.082937295151337
0.004 9.48 5.961397913975061 5.447330331160087 5.171021391601192
0.004 9.54 6.193857839630573 5.692383313154727 5.425005378261508
0.004 9.6 6.288694956793 5.768579072355491 5.48812438708328
0.004 9.65 6.429270243876102 5.901871990483306 5.6172764345984
0.004 9.7 6.51561199668147 5.974561497914051 5.684037374324658
0.004 9.74 6.581054261015138 6.032891384409103 5.74003733787694
0.004 9.78 6.676865242556508 6.123901466657491 5.828516313849475
0.004 9.81 6.747672978763509 6.188725438888985 5.890665032381262
0.004 9.85 6.817505791892158 6.243796018013397 5.938871540617354
0.004 9.9 6.912580149897591 6.3242281748677325 6.011972199408445
0.004 9.95 7.059256821402014 6.476606960388294 6.16834915691175
0.004 10.0 7.157257771122245 6.5676521210746 6.256464565389136
0.004 10.04 7.238672494796921 6.6367478001026665 6.318132793035614
0.004 10.08 7.320956289126881 6.709399728109373 6.386981725175444
0.004 10.11 7.446313267564689 6.838497409552749 6.517806009068499
0.004 10.12 7.463298490331551 6.8564571113644615 6.537260023031882
0.004 10.13 7.459790622055115 6.855490266091996 6.537414200419901
0.004 10.14 7.47443648717025 6.873938584174374 6.558141473452421
0.004 10.15 7.491685964803059 6.891902031847463 6.578998070427117
0.004 10.18 7.5486844811261005 6.957636304844554 6.647240730668896
0.008 5.0 1.3429594617391394 1.7887619097678118 2.201378155809484
0.008 5.48 1.2890505396729828 1.7360308008552088 2.149694710910841
0.008 5.7 1.2626190987277162 1.7090709994608608 2.1223919300300884
0.008 5.85 1.22337191768325 1.6693541483099188 2.082635090626636
0.008 6.0 1.177304727781466 1.6231405771569718 2.036401620135192
0.008 6.1 1.1279294033730785 1.574974881470124 1.9893964878910544
0.008 6.18 1.0740189560238256 1.51989705124164 1.9337271376222112
0.008 6.24 1.0215060473643311 1.4672490917301722 1.8811045048653177
0.008 6.3 0.9249380827665427 1.3680461501107692 1.7803613855530407
0.008 6.35 0.838243915403195 1.2779379035780258 1.6882089293932956
0.008 6.4 0.7014999067163906 1.1353540937784579 1.541879423073508
0.008 6.44 0.548530608839014 0.9770986379059586 1.3809906655651125
0.008 6.48 0.44042320766022913 0.8653172708025757 1.2671372920741368
0.008 6.51 0.3019576233219091 0.7198907492124086 1.1157862611458618
0.008 6.54 0.20376292662737472 0.6126354681423699 1.0054211901784078
0.008 6.57 0.22005613408940194 0.6274653723618805 1.0202203901275886
0.008 6.6 0.3902796832232035 0.8018238891284263 1.2028956189084261
0.008 6.63 0.3761950723015467 0.7897722588184571 1.1841481046897946
0.008 6.65 0.3919540710216559 0.8047677674842412 1.1987269060478005
0.008 6.68 0.3863868964102132 0.7930956947238578 1.179817830139148
0.008 6.7 0.4239679588398083 0.8271385152465008 1.209861297347627
0.008 6.72 0.5230392027101637 0.9242375830113382 1.3055285465761322
0.008 6.74 0.5584031816372225 0.9567640000313965 1.3351570622984616
0.008 6.76 0.5366500848067354 0.9306856738529256 1.3055183963424333
0.008 6.78 0.530250540796478 0.9202562786939744 1.291606156866178
0.008 6.81 0.5434551445977341 0.6336343649995136 0.7288894052689067
0.008 6.85 0.5947882252631352 0.5851439231834924 0.6099803692145237
0.008 6.86 0.6057558668561974 0.6044370034649497 0.6344158787254678
0.008 6.88 0.648858862362237 0.676437370776609 0.7203283402059505
0.008 6.89 0.6608887420651947 0.6987410222327505 0.7488604257338572
0.008 6.9 0.6690699426873415 0.7140906382103772 0.7683063435935346
0.008 6.92 0.7249855332574008 0.7824650482041996 0.8392375434925775
0.008 6.93 0.749494035834244 0.8120651912444409 0.8704325060723882
0.008 6.94 0.7788479798378966 0.8482513776642527 0.9101322248323932
0.008 6.95 0.8151328916281152 0.8874883762573212 0.9462215680766498
0.008 6.97 0.8793583051223003 0.9613324521342982 1.018558218636071
0.008 6.98 0.9285237910612786 1.0365198792804455 1.113269399770798
0.008 6.99 1.0628749625048903 1.1939603438781865 1.2840433497606631
0.008 7.0 1.2294255806516694 1.3506119417780602 1.4161072216368047
0.008 7.04 1.297216917842524 1.4715193700449851 1.5914373528019587
0.008 7.08 1.3359498830471543 1.5103561133665528 1.6292083914413857
0.008 7.11 1.395473769580517 1.5596364921793486 1.6673015890372063
0.008 7.15 1.4835027922792086 1.6452524196528961 1.750031161288026
0.008 7.18 1.655249103187726 1.8414771108952102 1.9677666779439895
0.008 7.2 1.670883966656104 1.8444599977581198 1.958527801762505
0.008 7.23 1.7014459199440046 1.8501993497006572 1.9415825460156149
0.008 7.26 1.7321267856456308 1.8567651795047246 1.9273074973629725
0.008 7.28 1.7663044512099737 1.8710661994602922 1.9240247564342687
0.008 7.3 1.8019962588674878 1.9053910505151825 1.9604710058978347
0.008 7.34 1.9725840378724064 2.091688526283098 2.1591400760878563
0.008 7.38 2.00778041558493 2.118535376193383 2.1809937550176293
0.008 7.41 2.0304887772842526 2.1258329597071373 2.1769364824742445
0.008 7.45 2.0901295914028473 2.1665673702512627 2.204177392838529
0.008 7.48 2.130293607647784 2.1905738550512175 2.2163290310675996
0.008 7.51 2.1820047686568507 2.219210122715308 2.2286955078132116
0.008 7.53 2.2791703088195496 2.3686449884327536 2.4236606584073406
0.008 7.56 2.363041436469158 2.459177098601264 2.5195173866427942
0.008 7.58 2.3921621585297834 2.4866098457650074 2.546569534061829
0.008 7.6 2.4037997222387495 2.49377526162476 2.5518886694435685
0.008 7.62 2.419886682044568 2.50776689220501 2.566016424456675
0.008 7.64 2.4472292107778393 2.534645937163274 2.593079095827418
0.008 7.66 2.4664464923320373 2.5478365531287372 2.60343496538565
0.008 7.68 2.491173985620646 2.5673536547975266 2.6196624947178413
0.008 7.7 2.5088847276711994 2.5825561880941144 2.6353394650902096
0.008 7.74 2.6184092860402806 2.7096700197457984 2.780780822570589
0.008 7.78 2.6841639701617885 2.7787382198273085 2.8553837264996225
0.008 7.81 2.7280460865026703 2.813546944518604 2.8864049040387108
0.008 7.85 2.769603507636672 2.8467810157386473 2.9162359827974504
0.008 7.87 2.791913599693108 2.8859969854614724 2.9721600241729624
0.008 7.9 2.885694701113193 2.980389627059535 3.0677271696826387
0.008 7.93 2.926857658071055 3.0103905418121406 3.09042790694181
0.008 7.95 2.9416178811566573 3.0183527568505446 3.094031828329141
0.008 7.98 2.9687057402936694 3.036829027417921 3.107378019603869
0.008 8.0 3.005415328905959 3.0644653467814513 3.128542938720256
0.008 8.3 3.5926751672362207 3.614533198263954 3.644057474998616
0.008 8.48 3.8824140653271875 3.8394123905643105 3.8272987896797708
0.008 8.6 4.141161262790474 4.083191874286788 4.061746008380288
0.008 8.7 4.334810031337858 4.243190471869523 4.197964697474857
0.008 8.78 4.471360712258017 4.34664609229702 4.270007257860639
0.008 8.85 4.618032565936295 4.456873610543196 4.356249786330833
0.008 8.9 4.733143327070136 4.5264812008849855 4.398826956275668
0.008 8.95 4.838010116312196 4.590143562301995 4.441772755350078
0.008 9.0 4.9506968416836 4.663913428207307 4.494677864873706
0.008 9.18 5.375938736487766 4.939064425752383 4.691145788204336
0.008 9.3 5.8178210841536835 5.33906777766971 5.068029907494305
0.008 9.4 6.02809468186266 5.493087327715598 5.194642894782701
0.008 9.48 6.287502098783575 5.749043414678708 5.452638698588258
0.008 9.54 6.244265932369194 5.654410083093756 5.325681727130393
0.008 9.6 6.587307386885426 6.0454332577905046 5.747062253762065
0.008 9.65 6.668593280594633 6.115873521116944 5.810979456913449
0.008 9.7 6.754496818567501 6.191027227397781 5.879440915889566
0.008 9.74 6.806163710483707 6.231426670040717 5.91377705432822
0.008 9.78 6.886820093342683 6.301291842468826 5.975194646728282
0.008 9.81 6.938197904821456 6.3476232399356345 6.018757364348273
0.008 9.85 7.025287421843542 6.423832998591243 6.087476704783937
0.008 9.9 7.117099749573617 6.498502670255808 6.154330586556332
0.008 9.95 7.247152667994142 6.629695913054361 6.281278761885153
0.008 10.0 7.344331286852933 6.719689105805527 6.362260714060637
0.008 10.04 7.475214819309441 6.847625621190167 6.489994019343383
0.008 10.08 7.5567408834924645 6.924074195078765 6.557889140514041
0.008 10.11 7.6143888172551595 6.9720751630345585 6.602354748295779
0.008 10.12 7.634207078309322 6.989241015922429 6.6143313492113815
0.008 10.13 7.637116649222575 6.9928271663192 6.624819084929909
0.008 10.14 7.66224462412252 7.021778317216187 6.657779909664837
0.008 10.15 7.6845483223881015 7.043615698880329 6.675336650698183
0.008 10.18 7.7807611689504395 7.1520546357202175 6.79225875193694
0.02 5.0 1.1222512648959486 1.5590079196787676 1.9667071242690617
0.02 5.48 1.0847173043098812 1.5224538897350732 1.931286472988473
0.02 5.7 1.0437210242952637 1.4804746651665872 1.8894269499970142
0.02 5.85 0.9987730315099818 1.4346411167184363 1.8428857946092427
0.02 6.0 0.9426863269972806 1.3801947574436304 1.7891415678547893
0.02 6.1 0.8358733586918398 1.2728543544931603 1.681954864300868
0.02 6.18 0.7684655229881422 1.202716649744422 1.6103517189580763
0.02 6.24 0.6838333175699326 1.120434677701693 1.529605693392893
0.02 6.3 0.551056840245186 0.9844193478858522 1.39139323645932
0.02 6.35 0.46451439266747985 0.8976689259794292 1.3050554494735755
0.02 6.4 0.3301264151390392 0.7585680715449762 1.163663572146381
0.02 6.44 0.1969020877722777 0.6216692563544634 1.0245764528928922
0.02 6.48 0.11091361802449529 0.5325004388016531 0.9328414032395195
0.02 6.51 0.05989624392334536 0.47781017627015177 0.8766491132928117
0.02 6.54 0.04068399121133626 0.44870023521817404 0.8420615979978884
0.02 6.57 0.07681879722553975 0.47972477980215233 0.869821696624134
0.02 6.6 0.0779405454727119 0.4730278372360722 0.8555192977357301
0.02 6.63 0.18037072895593342 0.5734380997790162 0.9534254166704109
0.02 6.65 0.3406733333796318 0.7387160740947302 1.1228900948460896
0.02 6.68 0.4867319699444842 0.8888139789365447 1.274297473483903
0.02 6.7 0.5239479103002133 0.9279962960579958 1.3120988073799231
0.02 6.72 0.5304528547430444 0.935837144099812 1.3189305290928366
0.02 6.74 0.5076146745491578 0.9079113351133238 1.2910045307420126
0.02 6.76 0.45911564312843967 0.6732515997534826 0.8650011110865613
0.02 6.78 0.41106092234595126 0.6327295362670761 0.8315999384926848
0.02 6.81 0.3861633463187083 0.5858581086299118 0.7736670754584317
0.02 6.85 0.3212670440255444 0.46148108597772153 0.6140008914749068
0.02 6.86 0.33334081437535235 0.46642046394893344 0.6098132240667674
0.02 6.88 0.4604591120542928 0.4614943959403185 0.5134212888170971
0.02 6.89 0.49537536396856086 0.4206457246343668 0.4262231167254079
0.02 6.9 0.5904648599238534 0.4739384527447804 0.4462595121697227
0.02 6.92 0.785806609972331 0.5490381548155604 0.4405912926484895
0.02 6.93 0.9616605811426787 0.6709450891289045 0.5150937906428489
0.02 6.94 1.0915219172492931 0.8266861949433256 0.6532520346402372
0.02 6.95 1.2287033263861722 1.0440209891354306 0.8642662577520476
0.02 6.97 1.3267538682429438 1.2375003686275696 1.0984299068606282
0.02 6.98 1.3284614135576027 1.2377165312265794 1.102470687271404
0.02 6.99 1.3280769577640092 1.2344497483945083 1.1017603738582031
0.02 7.0 1.325720047612824 1.2351596492767434 1.1057287247841407
0.02 7.04 1.3347949681622189 1.2608663940440699 1.1403908315621414
0.02 7.08 1.3631184727934929 1.313381674767745 1.1947410313965654
0.02 7.11 1.4457486033094873 1.4594695412328753 1.3816045923783071
0.02 7.15 1.628445998209242 1.6640718731764372 1.5942996180699658
0.02 7.18 1.702352158549457 1.7158283856015877 1.625492995326835
0.02 7.2 1.7466268678478136 1.740848562298408 1.6326487144264283
0.02 7.23 1.8503532195538077 1.8123556237846663 1.6739846259707796
0.02 7.26 1.9565714487464994 1.9297595224552118 1.8066269610321632
0.02 7.28 2.0389235354626627 2.0766599787710027 1.9996666306761859
0.02 7.3 2.0657381524255434 2.097514911315803 2.0206728794099837
0.02 7.34 2.1176309913216307 2.1425037131000457 2.068667178524135
0.02 7.38 2.1623287518952004 2.174652750962989 2.097557840140437
0.02 7.41 2.1888816051657876 2.199574941387373 2.1260851112915424
0.02 7.45 2.257149907474966 2.2442580497041837 2.1596462205218834
0.02 7.48 2.3193298633839325 2.30598402185692 2.2331526911105164
0.02 7.51 2.4113335529468123 2.4672679926151964 2.4545600004209667
0.02 7.53 2.4251984414147905 2.4812306246498017 2.4718623038257994
0.02 7.56 2.449344840240362 2.4969385927293195 2.488855815209502
0.02 7.58 2.47787193322417 2.5221900932742947 2.513059484390785
0.02 7.6 2.496308708801917 2.533623063844201 2.524368368071142
0.02 7.62 2.5227507338517774 2.5524744516199624 2.54153962666089
0.02 7.64 2.5465684246729245 2.5734945322862592 2.564150906162465
0.02 7.66 2.5709341235744296 2.585812649592375 2.5716695440603394
0.02 7.68 2.608745178194565 2.6144981060905557 2.5963704793007145
0.02 7.7 2.6536471976973934 2.6580760048258276 2.6447641727189697
0.02 7.74 2.7348480415583274 2.777241399714766 2.7975959788042792
0.02 7.78 2.803279344372674 2.8332682691345545 2.847320647108338
0.02 7.81 2.852951408194746 2.8716748712486697 2.877666714518353
0.02 7.85 2.9212467793766996 2.9433740087136306 2.9566702941282634
0.02 7.87 2.971337161225596 3.010771906298897 3.0332088511833013
0.02 7.9 3.01462088262623 3.0576435294566315 3.081569405717898
0.02 7.93 3.049203050404001 3.0925433610898287 3.1159580532018487
0.02 7.95 3.0691879535386284 3.0984566020530884 3.114198771256239
0.02 7.98 3.124194188620043 3.149430169974584 3.1634366811012433
0.02 8.0 3.182018153378434 3.20470587476486 3.215814877944472
0.02 8.3 3.675161110459944 3.7011356600676044 3.731896373309835
0.02 8.48 3.960991028945491 3.9353789387109166 3.9481332052021947
0.02 8.6 4.2065758383372 4.129021751959128 4.1144956570742846
0.02 8.7 4.425760960939881 4.311125852787994 4.2831540308970855
0.02 8.78 4.622941565186663 4.44271280004318 4.375595768212163
0.02 8.85 4.795928503116967 4.559879172739327 4.458562302502292
0.02 8.9 4.938977446463523 4.659570423467384 4.529190963506101
0.02 8.95 5.038476398138995 4.721357253407033 4.5708821726360735
0.02 9.0 5.127247370412588 4.755630851889434 4.574195527144466
0.02 9.18 5.665802340398839 5.189908282656537 4.936311935862589
0.02 9.3 6.018161864428221 5.503879071410827 5.212359584356141
0.02 9.4 6.301153998750548 5.742490781028563 5.418255728869523
0.02 9.48 6.483303583522476 5.911277161780076 5.578543340051807
0.02 9.54 6.596144271699641 5.999433530664367 5.652515140987012
0.02 9.6 6.7372907989892905 6.1117680837500625 5.744265107402645
0.02 9.65 6.85544745481384 6.222215489735104 5.844459212994137
0.02 9.7 7.014084926727405 6.386998366018281 6.018108037082099
0.02 9.74 7.086697726096345 6.4504633940730525 6.074143471131192
0.02 9.78 7.2104965053182735 6.575473291157939 6.2043140139372905
0.02 9.81 7.297097570650079 6.661548111123116 6.292081739117647
0.02 9.85 7.37265742717018 6.72898577910088 6.351822916089665
0.02 9.9 7.4750185962310365 6.818673173108776 6.435628792663314
0.02 9.95 7.573681795338102 6.910094545290809 6.519641973786156
0.02 10.0 7.67080605571884 6.995734534702207 6.596021021615291
0.02 10.04 7.74443555854681 7.0588730851569235 6.654884818826082
0.02 10.08 7.821338943070776 7.132290714973129 6.721053626215555
0.02 10.11 7.94595738735873 7.2516755661184344 6.843746744618469
0.02 10.12 7.966685819191907 7.271169301585003 6.8583078536095865
0.02 10.13 7.987149819236171 7.291197443670937 6.880297346546554
0.02 10.14 7.986575096405117 7.291545509354291 6.88290583384949
0.02 10.15 8.013828740878308 7.3179406487542575 6.910071745917113
0.02 10.18 8.068110494965294 7.375325306052195 6.961712934609144
0.05 5.0 0.8006393897246561 1.2377035910282905 1.646208743361084
0.05 5.48 0.7449657737046543 1.1813535295184159 1.5898769939749307
0.05 5.7 0.7058143541547445 1.1355117743391978 1.5401963699649435
0.05 5.85 0.6526931046796683 1.0903956372976942 1.4999047128638643
0.05 6.0 0.552115357364071 0.9972986543889825 1.4119797441258135
0.05 6.1 0.4474118383780429 0.878044771674643 1.2829326832547685
0.05 6.18 0.3466095606058751 0.7781960404668503 1.184176949440333
0.05 6.24 0.2628261267950599 0.682664496825948 1.0803585096320467
0.05 6.3 0.13608100569972026 0.5591712537111825 0.9605571741922013
0.05 6.35 0.024528943985485108 0.44487951394191827 0.8457275389232471
0.05 6.4 0.009850387983225795 0.43098451475093 0.8330516229507673
0.05 6.44 0.04220279309920516 0.4591567169068377 0.8565395260438727
0.05 6.48 -0.039488719977671116 0.3624451765985036 0.7507545242766988
0.05 6.51 -0.07346110663655947 0.32103816981989797 0.7040157066839946
0.05 6.54 -0.027533375875345434 0.36179140778044216 0.7393473042467328
0.05 6.57 0.1745296811017717 0.5678203783051551 0.948959574406485
0.05 6.6 0.2421553812386229 0.638264646489828 1.0160202567769594
0.05 6.63 0.3129968823889989 0.713278017800176 1.090122426614362
0.05 6.65 0.3199043467758408 0.7210828338364245 1.1011369745185084
0.05 6.68 0.3364989517608429 0.7393349235598144 1.1257661096787905
0.05 6.7 0.2948162772081965 0.6904695617047715 1.0718251824292273
0.05 6.72 0.22001166768656832 0.6093443211883433 0.9839626086691006
0.05 6.74 -0.003936747673238705 0.350155999246892 0.6969274179636479
0.05 6.76 -0.2936236977310237 -0.0324467747276479 0.246494382966565
0.05 6.78 -0.3616860273121908 -0.2145604749866713 -0.020436518865241005
0.05 6.81 0.21323798010270212 -0.11930273207613806 -0.27398558887348157
0.05 6.85 1.1489351438647737 1.2329382233380222 0.8695705788011644
0.05 6.86 1.1659367003653265 1.2568593124474012 0.8851228511450252
0.05 6.88 1.2190684573628423 1.34166583422599 0.9491941398527054
0.05 6.89 1.2447476737596737 1.370827927989152 0.9731952310396373
0.05 6.9 1.2562172329417698 1.3912997497549404 0.990997612787664
0.05 6.92 1.3283798936857116 1.4924373791073342 1.0636479660672626
0.05 6.93 1.3664992659510111 1.543380462623103 1.0959555152965925
0.05 6.94 1.398044343679897 1.591069997182243 1.1273966687284775
0.05 6.95 1.4316964149038518 1.6263516253922439 1.1498951145537766
0.05 6.97 1.504118539152683 1.6968869598438778 1.2061919939746963
0.05 6.98 1.5283923184249608 1.7494731036327216 1.3096872025051716
0.05 6.99 1.5683710229401533 1.8292069770120256 1.4718900853349743
0.05 7.0 1.5891086713030496 1.858233362427851 1.5553270076761172
0.05 7.04 1.657126469056704 1.9237798096499978 1.6160473983500032
0.05 7.08 1.7513069418932736 2.0089146222419862 1.6685711485326116
0.05 7.11 1.8379308507748369 2.0850227932988807 1.7131861306257412
0.05 7.15 1.9187097982867534 2.201515713688527 2.0014131623466205
0.05 7.18 1.9525863219342035 2.222923470591977 2.007820170248349
0.05 7.2 1.9816340250972622 2.244544293272417 2.0226320429985782
0.05 7.23 2.036970160508188 2.291885136771993 2.0542274195495884
0.05 7.26 2.079244930395729 2.323544489965419 2.0810845784750547
0.05 7.28 2.1221180819149104 2.351366405584867 2.0981073219783872
0.05 7.3 2.1703741122698594 2.3834104564867054 2.110525241690636
0.05 7.34 2.2632529943307396 2.455178479741162 2.1686792743347048
0.05 7.38 2.340068105383016 2.5621493624623617 2.4088723869184867
0.05 7.41 2.3508069705058126 2.5585494571404417 2.41466718917192
0.05 7.45 2.413544099049856 2.5991729257340572 2.457632439380111
0.05 7.48 2.458304150332905 2.6207896479131896 2.4693463193551444
0.05 7.51 2.4946543552943274 2.6425541989163412 2.49370745005916
0.05 7.53 2.544501514772063 2.6717169447928035 2.517963956956249
0.05 7.56 2.6049478167768902 2.71177250837786 2.5548182914365944
0.05 7.58 2.6232353996478373 2.736322374913042 2.6092526332657946
0.05 7.6 2.6628799278107684 2.7998256582225998 2.710499161695038
0.05 7.62 2.702837341186329 2.8265389633846048 2.74286008905708
0.05 7.64 2.727868605264637 2.844572117166661 2.766758643342802
0.05 7.66 2.762224096925839 2.8674185797738594 2.7884186367344603
0.05 7.68 2.7805657378032413 2.879447812939778 2.8029130691806734
0.05 7.7 2.81511374325572 2.90216483711279 2.8234805236435583
0.05 7.74 2.8796023162842466 2.970108305506782 2.9214126511186627
0.05 7.78 2.9237540168152782 3.0242460397714033 3.0006347822391937
0.05 7.81 2.9672794686304633 3.0542954597833805 3.0249598571009506
0.05 7.85 3.0438428021038297 3.123911971257994 3.0924569307749414
0.05 7.87 3.071468238404703 3.1351311553843693 3.100808834174527
0.05 7.9 3.1128275232255027 3.1685518176419385 3.140438773687689
0.05 7.93 3.1739717507030014 3.229270388959582 3.21738281898129
0.05 7.95 3.2200368876057133 3.292331196023708 3.293804335383617
0.05 7.98 3.252385106189377 3.3218019810993247 3.3400964838752265
0.05 8.0 3.282365022536245 3.345106934727132 3.3601634691988784
0.05 8.3 3.781881919069361 3.7819339616124643 3.7995955093424363
0.05 8.48 4.162937187811158 4.04921454771093 4.005682145488342
0.05 8.6 4.4288534705348805 4.27575331804246 4.224589531165256
0.05 8.7 4.677105912658048 4.429393182840306 4.332847760968368
0.05 8.78 4.87178077914565 4.572845003980609 4.453932192996673
0.05 8.85 5.0510532198565326 4.702617449427043 4.560869846158239
0.05 8.9 5.174433899546463 4.789394380201349 4.6274958003600215
0.05 8.95 5.294417056320432 4.869078524335356 4.686925192811556
0.05 9.0 5.417067869091289 4.951431047205942 4.747163852818593
0.05 9.18 5.88947674886448 5.332936761363994 5.045277531101545
0.05 9.3 6.252249063725442 5.656963304720646 5.317112330243075
0.05 9.4 6.5901162917745335 5.972802643391722 5.608089970864432
0.05 9.48 6.794021988849108 6.151699715664881 5.771616588960866
0.05 9.54 6.875751385506879 6.191848296378749 5.78487278390922
0.05 9.6 7.005030351693518 6.300982870547697 5.8769140968219755
0.05 9.65 7.209819120308586 6.524053427400963 6.118821096660296
0.05 9.7 7.327864235582842 6.625208644692412 6.205243773289814
0.05 9.74 7.405801785846043 6.6881894985379855 6.259776411482447
0.05 9.78 7.5058697444774705 6.7831753445916245 6.350879582624989
0.05 9.81 7.555673398976813 6.827756473357274 6.387942066154805
0.05 9.85 7.648137338662478 6.904497940105335 6.454765474981327
0.05 9.9 7.814679662781655 7.077508010892265 6.634830856529325
0.05 9.95 7.911341165963703 7.167426633630482 6.716804668702428
0.05 10.0 8.03985551683231 7.277808991124003 6.809373182336463
0.05 10.04 8.156514841202911 7.389543997933833 6.916855511864538
0.05 10.08 8.27932782068457 7.524328182341625 7.069007970625121
0.05 10.11 8.309335076825105 7.547010042281 7.095752577352632
0.05 10.12 8.32023922607834 7.5532372614309775 7.09607426096523
0.05 10.13 8.345564636725568 7.576412276012155 7.123466121693069
0.05 10.14 8.355164615352434 7.589110932373513 7.13720550017821
0.05 10.15 8.375219484194472 7.606486861952147 7.155140045925213
0.05 10.18 8.387009084866255 7.631100435322756 7.205290870392139
