0.0 0.19083488869179097
0.000505050505050505 0.1909393863478865
0.00101010101010101 0.19104207396616327
0.0015151515151515152 0.19114476158444002
0.00202020202020202 0.19124745067098253
0.0025252525252525255 0.1913501382950892
0.0030303030303030303 0.1914528259191959
0.0035353535353535356 0.19155551362070514
0.00404040404040404 0.19181625440192812
0.004545454545454545 0.19389460745751927
0.005050505050505051 0.19597296079709617
0.005555555555555556 0.19805131414163762
0.006060606060606061 0.20012966688281086
0.0065656565656565654 0.20220801993286103
0.007070707070707071 0.20428637298291108
0.007575757575757576 0.20636472579855372
0.00808080808080808 0.20818076470871638
0.008585858585858586 0.20861964263999827
0.00909090909090909 0.20905852031048133
0.009595959595959595 0.20949739846889695
0.010101010101010102 0.20993627630198247
0.010606060606060607 0.2103751541350679
0.011111111111111112 0.21081403196815335
0.011616161616161616 0.21125290820493875
0.012121212121212121 0.21169178611904327
0.012626262626262626 0.21213066374831224
0.013131313131313131 0.21256954159092128
0.013636363636363636 0.21300841943353038
0.014141414141414142 0.21344729727613942
0.014646464646464647 0.21388617511874844
0.015151515151515152 0.21432505296135757
0.015656565656565657 0.21476393075130362
0.01616161616161616 0.21520280864657565
0.016666666666666666 0.21564168648918466
0.01717171717171717 0.2160805643317937
0.017676767676767676 0.21651944217440278
0.01818181818181818 0.21695831932613166
0.018686868686868686 0.21739719746867184
0.01919191919191919 0.21783607561121204
0.019696969696969695 0.21827495348162196
0.020202020202020204 0.21857646453279184
0.02070707070707071 0.2186719251512437
0.021212121212121213 0.21876738576969557
0.021717171717171718 0.2188628463881475
0.022222222222222223 0.21895830700659927
0.022727272727272728 0.2190537676250511
0.023232323232323233 0.219149228243503
0.023737373737373738 0.21924468886195478
0.024242424242424242 0.21934014948040673
0.024747474747474747 0.21943561009885856
0.025252525252525252 0.21953107071731037
0.025757575757575757 0.21962653133576227
0.026262626262626262 0.21972199195421407
0.026767676767676767 0.219817452572666
0.02727272727272727 0.2199129131911179
0.027777777777777776 0.2200083738095697
0.028282828282828285 0.22010383442802153
0.02878787878787879 0.22019929504647343
0.029292929292929294 0.22029475566492523
0.0297979797979798 0.22039021628337718
0.030303030303030304 0.22048567690182902
0.03080808080808081 0.22058113752028083
0.031313131313131314 0.22067659813873272
0.031818181818181815 0.22077205875718456
0.03232323232323232 0.22086751937563642
0.03282828282828283 0.22096297999408823
0.03333333333333333 0.22105844061254018
0.03383838383838384 0.22115390123099202
0.03434343434343434 0.22124936267670747
0.03484848484848485 0.22134482326852353
0.03535353535353535 0.22144028386033962
0.03585858585858586 0.22153574445215565
0.03636363636363636 0.22163120504397177
0.03686868686868687 0.2217266656357878
0.03737373737373737 0.22182212622760386
0.03787878787878788 0.22191758681941995
0.03838383838383838 0.22201304741123606
0.03888888888888889 0.22210850800305215
0.03939393939393939 0.22220396859486816
0.0398989898989899 0.22229942905099723
0.04040404040404041 0.22239488993869086
0.04090909090909091 0.2224903505062647
0.04141414141414142 0.2225858110738387
0.04191919191919192 0.22268127164141263
0.04242424242424243 0.22277673220898653
0.04292929292929293 0.2228721927765604
0.043434343434343436 0.22296765200993515
0.04393939393939394 0.2230631147721645
0.044444444444444446 0.22315857447928214
0.04494949494949495 0.2232540350468561
0.045454545454545456 0.22334949561442993
0.04595959595959596 0.22344495618200388
0.046464646464646465 0.22354041674957775
0.04696969696969697 0.2236358773171517
0.047474747474747475 0.22373133788472563
0.047979797979797977 0.22382679845229955
0.048484848484848485 0.22392225904243143
0.04898989898989899 0.2240177197013183
0.049494949494949494 0.22411318036020522
0.05 0.22420864137198418
