0.0 0.13406997088619602
0.000505050505050505 0.1357536146033195
0.00101010101010101 0.1383388700117656
0.0015151515151515152 0.14092134721269817
0.00202020202020202 0.14350105046056244
0.0025252525252525255 0.14607798867464267
0.0030303030303030303 0.14865215897086734
0.0035353535353535356 0.151223568314176
0.00404040404040404 0.15382354911323945
0.004545454545454545 0.1567482529954657
0.005050505050505051 0.1596109198881496
0.005555555555555556 0.16241350504165805
0.006060606060606061 0.1651578807921006
0.0065656565656565654 0.16784584168463065
0.007070707070707071 0.17047910874918099
0.007575757575757576 0.1730593357876496
0.00808080808080808 0.17509850212289405
0.008585858585858586 0.17454738036405065
0.00909090909090909 0.17399857291458046
0.009595959595959595 0.17345206431959956
0.010101010101010102 0.1729078400665112
0.010606060606060607 0.17236588756088433
0.011111111111111112 0.17182619132808102
0.011616161616161616 0.17128873955738952
0.012121212121212121 0.17075351347274254
0.012626262626262626 0.17022050299508248
0.013131313131313131 0.16968969328685055
0.013636363636363636 0.1691610709158159
0.014141414141414142 0.16863462238955437
0.014646464646464647 0.1681103343569985
0.015151515151515152 0.16758819351068793
0.015656565656565657 0.16706818691266587
0.01616161616161616 0.16655030167061952
0.016666666666666666 0.1660345234628288
0.01717171717171717 0.16552083917427904
0.017676767676767676 0.1650092393046035
0.01818181818181818 0.1644997097558251
0.018686868686868686 0.1639922371634559
0.01919191919191919 0.16348680850563976
0.019696969696969695 0.16298341375900488
0.020202020202020204 0.16278570131627457
0.02070707070707071 0.1630439294378375
0.021212121212121213 0.16330193143081354
0.021717171717171718 0.16355970913020437
0.022222222222222223 0.16381726205969338
0.022727272727272728 0.16407459051313514
0.023232323232323233 0.16433169478387274
0.023737373737373738 0.16458857516473804
0.024242424242424242 0.1648452319480532
0.024747474747474747 0.16510166542563195
0.025252525252525252 0.16535787588878018
0.025757575757575757 0.1656138636282973
0.026262626262626262 0.16586962893447754
0.026767676767676767 0.16612517186096898
0.02727272727272727 0.16638049371647928
0.027777777777777776 0.16663559314838075
0.028282828282828285 0.16689047161408588
0.02878787878787879 0.16714512909038265
0.029292929292929294 0.16739956586455595
0.0297979797979798 0.1676537822233929
0.030303030303030304 0.16790777964352865
0.03080808080808081 0.16816155589027354
0.031313131313131314 0.16841511257918887
0.031818181818181815 0.1686684499950813
0.03232323232323232 0.16892156842226527
0.03282828282828283 0.16917446814456405
0.03333333333333333 0.16942714944531026
0.03383838383838384 0.16967961260734774
0.03434343434343434 0.1699318574079758
0.03484848484848485 0.1701838849188833
0.03535353535353535 0.170435695486609
0.03585858585858586 0.17068728893239973
0.03636363636363636 0.17093866564644244
0.03686868686868687 0.1711898259086676
0.03737373737373737 0.17144076999852376
0.03787878787878788 0.17169149819497834
0.03838383838383838 0.17194201180847557
0.03888888888888889 0.17219230919099096
0.03939393939393939 0.17244239151401483
0.0398989898989899 0.1726922591600096
0.04040404040404041 0.17294191196476125
0.04090909090909091 0.17319135078848158
0.04141414141414142 0.1734405756581175
0.04191919191919192 0.17368958684882724
0.04242424242424243 0.17393838463529715
0.04292929292929293 0.17418696929174296
0.043434343434343436 0.17443534213570114
0.04393939393939394 0.17468349963524435
0.044444444444444446 0.1749314472160555
0.04494949494949495 0.1751791820851855
0.045454545454545456 0.17542670518834635
0.04595959595959596 0.17567401679695083
0.046464646464646465 0.17592111718194883
0.04696969696969697 0.1761680066138271
0.047474747474747475 0.17641468536261096
0.047979797979797977 0.17666115369786498
0.048484848484848485 0.17690741187087244
0.04898989898989899 0.17715345989250184
0.049494949494949494 0.17739929852261518
0.05 0.17764492753313274
